0.00000000E+00 0.000000E+00 0.000000E+00
0.10000000E+02 0.000000E+00 0.000000E+00
0.20000000E+02 0.000000E+00 0.000000E+00
0.30000000E+02 0.000000E+00 0.000000E+00
0.40000000E+02 0.000000E+00 0.000000E+00
0.50000000E+02 0.000000E+00 0.000000E+00
0.60000000E+02 0.000000E+00 0.000000E+00
0.70000000E+02 0.000000E+00 0.000000E+00
0.80000000E+02 0.000000E+00 0.000000E+00
0.90000000E+02 0.000000E+00 0.000000E+00
0.10000000E+03 0.000000E+00 0.000000E+00
0.11000000E+03 0.000000E+00 0.000000E+00
0.12000000E+03 0.000000E+00 0.000000E+00
0.13000000E+03 0.216926E-12 0.216925E-12
0.14000000E+03 0.277855E-15 0.277855E-15
0.15000000E+03 0.240038E-08 0.168717E-08
0.16000000E+03 0.214812E-05 0.190013E-06
0.17000000E+03 0.100988E-03 0.412811E-05
0.18000000E+03 0.664452E-03 0.755301E-05
0.19000000E+03 0.219024E-02 0.190884E-04
0.20000000E+03 0.598216E-02 0.420178E-04
0.21000000E+03 0.335162E-01 0.149197E-03
0.22000000E+03 0.948455E-01 0.247815E-03
0.23000000E+03 0.104451E+00 0.276310E-03
0.24000000E+03 0.100147E+00 0.283437E-03
0.25000000E+03 0.909427E-01 0.331430E-03
0.26000000E+03 0.811660E-01 0.334156E-03
0.27000000E+03 0.712460E-01 0.262019E-03
0.28000000E+03 0.637918E-01 0.246973E-03
0.29000000E+03 0.560803E-01 0.235364E-03
0.30000000E+03 0.493134E-01 0.219584E-03
0.31000000E+03 0.437775E-01 0.210910E-03
0.32000000E+03 0.390080E-01 0.209149E-03
0.33000000E+03 0.346784E-01 0.200775E-03
0.34000000E+03 0.312458E-01 0.181889E-03
0.35000000E+03 0.278830E-01 0.172455E-03
0.36000000E+03 0.252862E-01 0.183237E-03
0.37000000E+03 0.222689E-01 0.176144E-03
0.38000000E+03 0.201841E-01 0.148477E-03
0.39000000E+03 0.180978E-01 0.137992E-03
0.40000000E+03 0.166756E-01 0.133111E-03
0.41000000E+03 0.148292E-01 0.135991E-03
0.42000000E+03 0.135240E-01 0.125578E-03
0.43000000E+03 0.122386E-01 0.112637E-03
0.44000000E+03 0.112876E-01 0.115121E-03
0.45000000E+03 0.101780E-01 0.113949E-03
0.46000000E+03 0.922099E-02 0.933990E-04
0.47000000E+03 0.857177E-02 0.889552E-04
0.48000000E+03 0.783758E-02 0.982312E-04
0.49000000E+03 0.706170E-02 0.100102E-03
0.50000000E+03 0.635528E-02 0.898136E-04
0.51000000E+03 0.587533E-02 0.727913E-04
0.52000000E+03 0.549380E-02 0.679672E-04
0.53000000E+03 0.509645E-02 0.801040E-04
0.54000000E+03 0.459817E-02 0.795649E-04
0.55000000E+03 0.430370E-02 0.640025E-04
0.56000000E+03 0.390341E-02 0.570201E-04
0.57000000E+03 0.375256E-02 0.624678E-04
0.58000000E+03 0.337753E-02 0.644096E-04
0.59000000E+03 0.317472E-02 0.516778E-04
0.60000000E+03 0.286563E-02 0.479219E-04
0.61000000E+03 0.270683E-02 0.467996E-04
0.62000000E+03 0.257259E-02 0.513536E-04
0.63000000E+03 0.226524E-02 0.490331E-04
0.64000000E+03 0.219134E-02 0.440174E-04
0.65000000E+03 0.209661E-02 0.489965E-04
0.66000000E+03 0.193446E-02 0.537194E-04
0.67000000E+03 0.178671E-02 0.493844E-04
0.68000000E+03 0.159767E-02 0.426629E-04
0.69000000E+03 0.154983E-02 0.384238E-04
0.70000000E+03 0.145939E-02 0.356112E-04
0.71000000E+03 0.132904E-02 0.387496E-04
0.72000000E+03 0.139879E-02 0.101252E-03
0.73000000E+03 0.106704E-02 0.103730E-03
0.74000000E+03 0.108629E-02 0.442934E-04
0.75000000E+03 0.100821E-02 0.342139E-04
0.76000000E+03 0.946956E-03 0.303541E-04
0.77000000E+03 0.959360E-03 0.257732E-04
0.78000000E+03 0.876641E-03 0.250772E-04
0.79000000E+03 0.862226E-03 0.245259E-04
0.80000000E+03 0.789902E-03 0.415042E-04
0.81000000E+03 0.719549E-03 0.460739E-04
0.82000000E+03 0.655889E-03 0.372258E-04
0.83000000E+03 0.608859E-03 0.280707E-04
0.84000000E+03 0.650495E-03 0.206442E-04
0.85000000E+03 0.540769E-03 0.212262E-04
0.86000000E+03 0.582723E-03 0.227202E-04
0.87000000E+03 0.484597E-03 0.281310E-04
0.88000000E+03 0.518370E-03 0.342340E-04
0.89000000E+03 0.409957E-03 0.315954E-04
0.90000000E+03 0.451925E-03 0.209883E-04
0.91000000E+03 0.387271E-03 0.212512E-04
0.92000000E+03 0.428799E-03 0.324141E-04
0.93000000E+03 0.365790E-03 0.329550E-04
0.94000000E+03 0.345995E-03 0.185993E-04
0.95000000E+03 0.320100E-03 0.211719E-04
0.96000000E+03 0.318541E-03 0.292150E-04
0.97000000E+03 0.275572E-03 0.261426E-04
0.98000000E+03 0.282445E-03 0.137844E-04
0.99000000E+03 0.273689E-03 0.145374E-04
0.10000000E+04 0.273689E-03 0.145374E-04
