0.00000000E+00 0.000000E+00 0.000000E+00
0.10000000E+02 0.000000E+00 0.000000E+00
0.20000000E+02 0.000000E+00 0.000000E+00
0.30000000E+02 0.000000E+00 0.000000E+00
0.40000000E+02 0.000000E+00 0.000000E+00
0.50000000E+02 0.000000E+00 0.000000E+00
0.60000000E+02 0.000000E+00 0.000000E+00
0.70000000E+02 0.000000E+00 0.000000E+00
0.80000000E+02 0.000000E+00 0.000000E+00
0.90000000E+02 0.000000E+00 0.000000E+00
0.10000000E+03 0.000000E+00 0.000000E+00
0.11000000E+03 0.000000E+00 0.000000E+00
0.12000000E+03 0.000000E+00 0.000000E+00
0.13000000E+03 0.000000E+00 0.000000E+00
0.14000000E+03 0.000000E+00 0.000000E+00
0.15000000E+03 0.000000E+00 0.000000E+00
0.16000000E+03 0.123396E-05 0.127742E-06
0.17000000E+03 0.553151E-04 0.136626E-05
0.18000000E+03 0.291394E-03 0.420773E-05
0.19000000E+03 0.881482E-03 0.946184E-05
0.20000000E+03 0.256901E-02 0.209095E-04
0.21000000E+03 0.274906E-01 0.882392E-04
0.22000000E+03 0.986768E-01 0.159465E-03
0.23000000E+03 0.112211E+00 0.171116E-03
0.24000000E+03 0.108155E+00 0.169944E-03
0.25000000E+03 0.991686E-01 0.164028E-03
0.26000000E+03 0.888719E-01 0.157368E-03
0.27000000E+03 0.784673E-01 0.148973E-03
0.28000000E+03 0.696035E-01 0.141014E-03
0.29000000E+03 0.615628E-01 0.132792E-03
0.30000000E+03 0.541836E-01 0.125164E-03
0.31000000E+03 0.481957E-01 0.117993E-03
0.32000000E+03 0.426148E-01 0.111093E-03
0.33000000E+03 0.380188E-01 0.104967E-03
0.34000000E+03 0.340136E-01 0.987161E-04
0.35000000E+03 0.304463E-01 0.933278E-04
0.36000000E+03 0.273834E-01 0.877967E-04
0.37000000E+03 0.245863E-01 0.831445E-04
0.38000000E+03 0.219955E-01 0.785999E-04
0.39000000E+03 0.198974E-01 0.743310E-04
0.40000000E+03 0.178699E-01 0.701091E-04
0.41000000E+03 0.162840E-01 0.666091E-04
0.42000000E+03 0.148220E-01 0.626523E-04
0.43000000E+03 0.133844E-01 0.593802E-04
0.44000000E+03 0.122069E-01 0.562338E-04
0.45000000E+03 0.110923E-01 0.537915E-04
0.46000000E+03 0.102994E-01 0.510349E-04
0.47000000E+03 0.924269E-02 0.482962E-04
0.48000000E+03 0.852362E-02 0.459433E-04
0.49000000E+03 0.785805E-02 0.436625E-04
0.50000000E+03 0.714855E-02 0.417730E-04
0.51000000E+03 0.655835E-02 0.396731E-04
0.52000000E+03 0.606345E-02 0.376176E-04
0.53000000E+03 0.555233E-02 0.358960E-04
0.54000000E+03 0.525385E-02 0.345115E-04
0.55000000E+03 0.480592E-02 0.328491E-04
0.56000000E+03 0.443714E-02 0.313181E-04
0.57000000E+03 0.403378E-02 0.296881E-04
0.58000000E+03 0.380756E-02 0.285281E-04
0.59000000E+03 0.354081E-02 0.270397E-04
0.60000000E+03 0.323898E-02 0.258499E-04
0.61000000E+03 0.303081E-02 0.247545E-04
0.62000000E+03 0.282897E-02 0.236967E-04
0.63000000E+03 0.262796E-02 0.226068E-04
0.64000000E+03 0.247845E-02 0.217306E-04
0.65000000E+03 0.231584E-02 0.208354E-04
0.66000000E+03 0.218951E-02 0.199831E-04
0.67000000E+03 0.203079E-02 0.191581E-04
0.68000000E+03 0.189391E-02 0.182919E-04
0.69000000E+03 0.178301E-02 0.175568E-04
0.70000000E+03 0.166605E-02 0.166585E-04
0.71000000E+03 0.157432E-02 0.161041E-04
0.72000000E+03 0.146010E-02 0.153473E-04
0.73000000E+03 0.135156E-02 0.147228E-04
0.74000000E+03 0.128854E-02 0.141831E-04
0.75000000E+03 0.119512E-02 0.134397E-04
0.76000000E+03 0.113612E-02 0.128411E-04
0.77000000E+03 0.106647E-02 0.124047E-04
0.78000000E+03 0.102438E-02 0.119223E-04
0.79000000E+03 0.949053E-03 0.115461E-04
0.80000000E+03 0.887748E-03 0.108413E-04
0.81000000E+03 0.858703E-03 0.105939E-04
0.82000000E+03 0.812385E-03 0.101581E-04
0.83000000E+03 0.766973E-03 0.975769E-05
0.84000000E+03 0.714373E-03 0.926726E-05
0.85000000E+03 0.699409E-03 0.899391E-05
0.86000000E+03 0.640079E-03 0.857884E-05
0.87000000E+03 0.604182E-03 0.826141E-05
0.88000000E+03 0.567879E-03 0.787960E-05
0.89000000E+03 0.554583E-03 0.769948E-05
0.90000000E+03 0.519893E-03 0.727956E-05
0.91000000E+03 0.504165E-03 0.711044E-05
0.92000000E+03 0.464859E-03 0.673334E-05
0.93000000E+03 0.445665E-03 0.647811E-05
0.94000000E+03 0.418828E-03 0.624001E-05
0.95000000E+03 0.413034E-03 0.604933E-05
0.96000000E+03 0.387864E-03 0.586297E-05
0.97000000E+03 0.370207E-03 0.560631E-05
0.98000000E+03 0.345652E-03 0.534962E-05
0.99000000E+03 0.324318E-03 0.509979E-05
0.10000000E+04 0.324318E-03 0.509979E-05
